# Created by Octave 4.4.0, Mon Jul 23 15:17:09 2018 MDT <shiqisheng@Computer>
# name: v
# type: matrix
# rows: 2
# columns: 2
 1 2
 3 4


